lastAccountName: elprisas
timestamps:
  login: 1582835524947
  logout: 1582835985061
ipAddress: 190.130.221.8
lastlocation:
  world: world
  x: 0.5505678015001048
  y: 69.0
  z: 0.7065124934006354
  yaw: -3.4500005
  pitch: 90.0
logoutlocation:
  world: spawn
  x: -1.6663498585954558E7
  y: 76.0
  z: -6087146.300000012
  yaw: 339.00098
  pitch: 23.399908
