lastlocation:
  world: world
  x: 0.5505678015001048
  y: 69.0
  z: 0.7065124934006354
  yaw: 5.67023
  pitch: 90.0
lastAccountName: lousmord
timestamps:
  login: 1583080276547
  logout: 1583080341257
ipAddress: 191.92.111.187
logoutlocation:
  world: spawn
  x: 0.03984577842702716
  y: 67.0625
  z: 0.5954618229745764
  yaw: -77.2471
  pitch: 7.20001
