lastAccountName: gaston
timestamps:
  login: 1583959421311
  logout: 1583959476078
ipAddress: 181.188.178.221
lastlocation:
  world: world
  x: 0.0
  y: 67.0
  z: 0.0
  yaw: 0.0
  pitch: 0.0
logoutlocation:
  world: world
  x: 301.9982916616406
  y: 72.0
  z: -0.4073476074591136
  yaw: 355.95328
  pitch: 44.549976
