lastAccountName: Towable
timestamps:
  login: 1583795241688
  logout: 1583795406134
ipAddress: 189.136.246.204
lastlocation:
  world: world
  x: 0.0
  y: 67.0
  z: 0.0
  yaw: 0.0
  pitch: 0.0
logoutlocation:
  world: world
  x: 166.3658242921917
  y: 67.0
  z: 20.762038235200713
  yaw: -78.8943
  pitch: 8.09976
