lastlocation:
  world: world
  x: 0.5505678015001048
  y: 69.0
  z: 0.7065124934006354
  yaw: 4.041243
  pitch: 90.0
lastAccountName: Diego41H
timestamps:
  login: 1583057204835
  logout: 1583057249592
ipAddress: 187.135.151.232
logoutlocation:
  world: spawn
  x: 0.5
  y: 67.0
  z: 0.5
  yaw: 181.35316
  pitch: 90.0
