lastlocation:
  world: spawn
  x: -3.5585313875092166
  y: 67.0
  z: 2.534026529714289
  yaw: -334.55368
  pitch: 17.862375
lastAccountName: Ciela
timestamps:
  login: 1583257481391
  lastteleport: 1583256523756
  logout: 1583257550739
ipAddress: 201.210.61.156
logoutlocation:
  world: world
  x: -1.2076922963141235E7
  y: 74.0
  z: -2.0704447453861024E7
  yaw: -91.33597
  pitch: 21.300045
