lastlocation:
  world: spawn
  x: 401.9701358538859
  y: 82.0
  z: 282.39575587611847
  yaw: -177.80353
  pitch: 19.050013
lastAccountName: krujo
timestamps:
  login: 1583269723627
  logout: 1583270362266
ipAddress: 186.22.47.103
logoutlocation:
  world: spawn
  x: -7.511395652634107
  y: 68.134495842606
  z: 7.254603037916008
  yaw: -75.20343
  pitch: -5.0877233
