lastAccountName: Misnalgas
timestamps:
  login: 1583202747091
  lastteleport: 1583203251460
  logout: 1583204123370
ipAddress: 179.58.95.112
lastlocation:
  world: spawn
  x: 0.2851092109381524
  y: 67.0625
  z: 12.145596564763466
  yaw: 182.49619
  pitch: -0.29999256
logoutlocation:
  world: spawn
  x: 4329500.851493206
  y: 63.0
  z: -2.2978252066644914E7
  yaw: -130.22247
  pitch: 34.049725
