lastAccountName: miguegamer46
timestamps:
  login: 1582769695574
  lastteleport: 1582769730948
  logout: 1582769791006
ipAddress: 166.177.186.233
lastlocation:
  world: spawn
  x: -0.9732620594241368
  y: 64.0
  z: 47.86299512925177
  yaw: 186.92108
  pitch: 1.368389
logoutlocation:
  world: spawn
  x: 0.4168491047283905
  y: 67.0
  z: 1.5443105782255007
  yaw: 184.49542
  pitch: 6.5950184
