lastAccountName: jhonedwar
timestamps:
  login: 1583348826545
  lastteleport: 1583280827560
  logout: 1583348925808
ipAddress: 191.95.137.244
lastlocation:
  world: world
  x: 0.0
  y: 67.0
  z: 0.0
  yaw: 1.4115912
  pitch: 0.0
logoutlocation:
  world: world
  x: 38.12415493411956
  y: 67.0625
  z: 1.1656867893652987
  yaw: 265.95172
  pitch: 16.950087
