lastAccountName: jhonedwar
timestamps:
  login: 1583280758543
  lastteleport: 1583280827560
  logout: 1583281003712
ipAddress: 191.95.137.244
lastlocation:
  world: spawn
  x: 45.56882220061865
  y: 65.0
  z: 0.4553304352319467
  yaw: 266.55295
  pitch: 36.14998
logoutlocation:
  world: spawn
  x: 2.436731549210335E7
  y: 70.0
  z: -1.3130396776259247E7
  yaw: 301.50052
  pitch: 4.1999254
