lastAccountName: xxSaimersxx
timestamps:
  login: 1583982226155
  lastteleport: 1583983086883
  logout: 1583983490640
ipAddress: 186.154.81.104
lastlocation:
  world: world
  x: 4329413.490365261
  y: 201.0
  z: -2.2978420896203876E7
  yaw: 67.562904
  pitch: 21.750242
logoutlocation:
  world: world
  x: 4329382.424770344
  y: 201.0
  z: -2.297846163746585E7
  yaw: 152.76855
  pitch: 13.799912
homes:
  casa1:
    world: world
    x: 4329381.981521375
    y: 201.0
    z: -2.2978463243170764E7
    yaw: 271.1132
    pitch: 12.299856
