lastlocation:
  world: world
  x: 0.5
  y: 70.0
  z: 0.5
  yaw: 2.8254883
  pitch: 0.0
lastAccountName: xTeembo
timestamps:
  login: 1583269300643
  logout: 1583269382734
ipAddress: 181.126.96.240
logoutlocation:
  world: spawn
  x: 1.6250720392926292E7
  y: 64.0
  z: -2.869234427682832E7
  yaw: 336.4499
  pitch: 18.44995
