lastAccountName: MrStitch_
timestamps:
  login: 1583099704694
  lastteleport: 1583101349039
  logout: 1583101667097
ipAddress: 201.212.148.254
lastlocation:
  world: spawn
  x: -22.967960558652294
  y: 67.0625
  z: -0.47597668994854964
  yaw: -69.18063
  pitch: 5.9286785
logoutlocation:
  world: spawn
  x: -4.9685259425338515
  y: 67.0
  z: 0.1351585915763004
  yaw: 94.916214
  pitch: 74.000786
