lastlocation:
  world: spawn
  x: -0.5971585206769858
  y: 67.0
  z: -6.268613236748093
  yaw: 186.65579
  pitch: 31.855074
lastAccountName: gena
timestamps:
  login: 1583102888400
  lastteleport: 1583101198294
  logout: 1583103447328
ipAddress: 190.103.220.153
logoutlocation:
  world: spawn
  x: 550.5442273983524
  y: 63.09375
  z: -412.7630973600123
  yaw: 167.27795
  pitch: 67.35441
