lastlocation:
  world: world
  x: 0.2764042506652353
  y: 67.0625
  z: 0.5632036673983017
  yaw: 308.19614
  pitch: 59.27165
lastAccountName: Zekken_X
timestamps:
  login: 1584019843564
  logout: 1584021580658
  lastteleport: 1584021492792
  kits:
    mega: 1583109858136
    elite: 1583768191303
    ultimate: 1583109920631
    craft: 1583110099234
    inicio: 1583109869034
    vip: 1583768219578
    inicial: 1583356740261
ipAddress: 190.237.114.133
logoutlocation:
  world: world
  x: 9016.397137297088
  y: 53.6977629243912
  z: 5942.326643863623
  yaw: 73.15265
  pitch: -7.709915
homes:
  aldea2:
    world: world
    x: 4329633.951429821
    y: 64.0
    z: -2.297839574023997E7
    yaw: 242.09137
    pitch: 33.62662
  aldea:
    world: world
    x: 5892.1017547349065
    y: 73.0
    z: 2856.9321649986723
    yaw: 9.251465
    pitch: 11.415381
  casa:
    world: world
    x: 8976.680879784093
    y: 80.0
    z: 6036.248454651298
    yaw: 130.59737
    pitch: 42.571945
nickname: §9§l§mZekken
godmode: false
afk: false
