lastAccountName: AndresYTGJ
timestamps:
  login: 1583609749000
  logout: 1583609805822
ipAddress: 201.234.66.138
lastlocation:
  world: world
  x: 0.0
  y: 67.0
  z: 0.0
  yaw: 0.0
  pitch: 0.0
logoutlocation:
  world: world
  x: -19.394732416202896
  y: 67.0625
  z: -0.3207492083798058
  yaw: 78.75129
  pitch: 16.650005
