lastAccountName: RogerMx
timestamps:
  login: 1583368993945
  logout: 1583369139006
  lastteleport: 1582693393999
ipAddress: 177.226.81.4
lastlocation:
  world: world
  x: 0.0
  y: 67.0
  z: 0.0
  yaw: 0.0
  pitch: 0.0
logoutlocation:
  world: world
  x: 2.0593698198097274E7
  y: 72.0
  z: -2.1156222701847743E7
  yaw: 32.84857
  pitch: 40.200123
