lastlocation:
  world: spawn
  x: -1316.699999988079
  y: 67.0
  z: 637.6637935244429
  yaw: -279.31152
  pitch: -5.046673
lastAccountName: MrNeo246
timestamps:
  login: 1582754626565
  lastteleport: 1582756064048
  logout: 1582756136804
ipAddress: 189.251.162.94
logoutlocation:
  world: spawn
  x: -22.74993593128922
  y: 67.0
  z: -34.41512230161543
  yaw: 265.98804
  pitch: 6.237455
