lastAccountName: APOLO14
timestamps:
  login: 1583711821656
  logout: 1583712046571
  lastteleport: 1583711856151
ipAddress: 201.175.172.235
lastlocation:
  world: world
  x: 4329441.039449833
  y: 201.0
  z: -2.2978345426200874E7
  yaw: 292.51306
  pitch: 15.698401
logoutlocation:
  world: world
  x: -22.92988331741094
  y: 67.0
  z: -33.98696666406914
  yaw: 234.63112
  pitch: 23.319746
