lastAccountName: FlashGamer
timestamps:
  login: 1583676583700
  lastteleport: 1583677340014
  logout: 1583677658784
ipAddress: 189.203.27.7
lastlocation:
  world: world
  x: 0.2764042506652353
  y: 67.0625
  z: 0.5632036673983017
  yaw: 89.7013
  pitch: 88.65
logoutlocation:
  world: world
  x: 327.17749581659854
  y: 64.0
  z: -70.30336029859845
  yaw: 155.54774
  pitch: 36.14982
