lastAccountName: angelo1215
timestamps:
  login: 1583125749053
  logout: 1583128516149
ipAddress: 190.236.13.81
lastlocation:
  world: world
  x: 0.5505678015001048
  y: 69.0
  z: 0.7065124934006354
  yaw: -3.4500005
  pitch: 90.0
logoutlocation:
  world: spawn
  x: 674.1949211308033
  y: 75.0
  z: 462.52334826807
  yaw: 114.09778
  pitch: 19.05004
