lastlocation:
  world: world
  x: 0.2764042506652353
  y: 67.0625
  z: 0.5632036673983017
  yaw: 87.53451
  pitch: 90.0
lastAccountName: McQueenZ
timestamps:
  login: 1583343865669
  lastteleport: 1583344720388
  logout: 1583344762154
ipAddress: 181.224.231.99
logoutlocation:
  world: world
  x: -740.5230960513207
  y: 64.0
  z: -141.6631448015215
  yaw: -85.71234
  pitch: 29.686323
