lastAccountName: minaTOKZ
timestamps:
  login: 1583800557533
  logout: 1583800745483
ipAddress: 187.228.160.87
lastlocation:
  world: world
  x: 0.0
  y: 67.0
  z: 0.0
  yaw: 0.0
  pitch: 0.0
logoutlocation:
  world: world
  x: 2.4559843815253086E7
  y: 74.0
  z: 1.2007212576776834E7
  yaw: -92.55048
  pitch: 16.050316
