lastlocation:
  world: world
  x: 0.5505678015001048
  y: 69.0
  z: 0.7065124934006354
  yaw: 0.31362677
  pitch: 90.0
lastAccountName: Seiku_X
timestamps:
  login: 1583207904004
  logout: 1583207925937
ipAddress: 181.64.237.42
logoutlocation:
  world: spawn
  x: 364.9109155678988
  y: 28.0
  z: 138.62667364721415
  yaw: 144.53815
  pitch: 35.699913
