lastlocation:
  world: world
  x: 362.9369552909249
  y: 48.0
  z: 34.509190827779875
  yaw: 187.05612
  pitch: 4.1999454
lastAccountName: edugamer1115
timestamps:
  login: 1583532339464
  lastteleport: 1583452977527
  logout: 1583532364230
ipAddress: 190.130.221.8
logoutlocation:
  world: world
  x: -26.601016551602214
  y: 67.0
  z: 17.209314883795667
  yaw: 46.501396
  pitch: -3.7500181
homes:
  home:
    world: spawn
    x: 4329932.735015487
    y: 58.0
    z: -2.2978565802018277E7
    yaw: 276.85297
    pitch: 12.12013
