lastlocation:
  world: world
  x: 0.5505678015001048
  y: 69.0
  z: 0.7065124934006354
  yaw: 3.4910147
  pitch: 90.0
lastAccountName: 9zMeliodas
timestamps:
  login: 1583089551901
  logout: 1583089831917
ipAddress: 186.122.247.0
logoutlocation:
  world: spawn
  x: 0.7241131688797587
  y: 67.0625
  z: -29.05485675795022
  yaw: 179.96445
  pitch: 5.006443
