lastAccountName: Pakoo
timestamps:
  login: 1583974408757
  lastteleport: 1583974580053
  logout: 1583974726495
  kits:
    mega: 1583039839954
    elite: 1583297640441
    ultimate: 1583296647014
    craft: 1583391290282
    inicial: 1583300618798
    vip: 1583882589925
ipAddress: 177.231.75.184
lastlocation:
  world: world
  x: 4329414.857807148
  y: 200.0
  z: -2.29783995425225E7
  yaw: 41.91266
  pitch: -2.4000568
afk: false
logoutlocation:
  world: world
  x: 4329404.427153814
  y: 201.0
  z: -2.297835135557542E7
  yaw: -50.7544
  pitch: 25.650085
godmode: false
homes:
  home:
    world: spawn
    x: -30.629826779138547
    y: 67.0625
    z: 2.1681152039105522
    yaw: -284.24622
    pitch: 16.049768
  fin:
    world: world
    x: 2.9999872100134723E7
    y: 63.0
    z: -2.9999979703403596E7
    yaw: -144.95534
    pitch: 25.785122
