lastAccountName: Pakoo
timestamps:
  login: 1583289714344
  lastteleport: 1583302235531
  logout: 1583286742504
  kits:
    mega: 1583039839954
    elite: 1583297640441
    ultimate: 1583296647014
    craft: 1583116423550
    inicial: 1583300618798
    vip: 1583300736421
ipAddress: 177.231.75.184
lastlocation:
  world: world
  x: 4329418.8789356025
  y: 189.6194879786202
  z: -2.297844101442138E7
  yaw: 95.83057
  pitch: -17.699966
afk: true
logoutlocation:
  world: world
  x: 1.4978045101942583
  y: 69.0
  z: 7.395364394702088
  yaw: 173.54893
  pitch: 18.000029
godmode: false
homes:
  home:
    world: spawn
    x: -30.629826779138547
    y: 67.0625
    z: 2.1681152039105522
    yaw: -284.24622
    pitch: 16.049768
  fin:
    world: world
    x: 2.9999872100134723E7
    y: 63.0
    z: -2.9999979703403596E7
    yaw: -144.95534
    pitch: 25.785122
