lastlocation:
  world: world
  x: 0.0
  y: 67.0
  z: 0.0
  yaw: 1.8563213
  pitch: 0.0
lastAccountName: YinoChiiYn
timestamps:
  login: 1583292756640
  logout: 1583292841989
ipAddress: 186.28.30.122
logoutlocation:
  world: world
  x: 1.4705459350614425E7
  y: 66.0
  z: 2.5656585300000012E7
  yaw: 130.49988
  pitch: 6.8999577
