lastlocation:
  world: world
  x: 0.0
  y: 71.0
  z: 0.0
  yaw: 5.4236336
  pitch: 0.0
lastAccountName: lesamofe
timestamps:
  login: 1582687030605
  logout: 1582687111731
ipAddress: 181.188.170.135
logoutlocation:
  world: spawn
  x: -28.896167555668406
  y: 67.0
  z: -0.13668995005819196
  yaw: 249.0014
  pitch: 8.399985
