lastlocation:
  world: world
  x: 0.0
  y: 67.0
  z: 0.0
  yaw: 0.0
  pitch: 0.0
lastAccountName: lesamofe
timestamps:
  login: 1583697227501
  logout: 1583697232157
ipAddress: 181.188.178.102
logoutlocation:
  world: world
  x: 0.5
  y: 67.0
  z: 0.5
  yaw: 86.40134
  pitch: 14.099994
