lastlocation:
  world: world
  x: 0.5505678015001048
  y: 69.0
  z: 0.7065124934006354
  yaw: 3.8447948
  pitch: 90.0
lastAccountName: lolXXDlukas
timestamps:
  login: 1583190362516
  logout: 1583190652174
ipAddress: 190.238.66.108
logoutlocation:
  world: spawn
  x: -14.103426142558964
  y: 67.0625
  z: -0.5397807765522986
  yaw: -89.632545
  pitch: 18.60485
