lastlocation:
  world: spawn
  x: 0.5
  y: 67.0
  z: 0.5
  yaw: 103.80179
  pitch: -8.700007
lastAccountName: AleSage
timestamps:
  login: 1582692900377
  lastteleport: 1582675371522
  logout: 1582675599641
ipAddress: 177.226.81.4
logoutlocation:
  world: spawn
  x: -75.31580305978429
  y: 43.0
  z: 220.9355802791684
  yaw: 143.85739
  pitch: 35.26962
