lastlocation:
  world: spawn
  x: -1.729339360874752E7
  y: 18.0
  z: -1.6142440379039396E7
  yaw: -91.07477
  pitch: 6.299711
lastAccountName: Derfs
timestamps:
  login: 1583262315591
  logout: 1583262878062
  lastteleport: 1583262480356
ipAddress: 201.249.59.29
logoutlocation:
  world: spawn
  x: 3.5177994715768817
  y: 67.0
  z: 1.6940173033841246
  yaw: -12.502892
  pitch: 8.712212
