lastAccountName: hope
timestamps:
  login: 1583380856934
  logout: 1583380901648
ipAddress: 66.181.189.130
lastlocation:
  world: world
  x: 0.0
  y: 67.0
  z: 0.0
  yaw: 0.0
  pitch: 0.0
logoutlocation:
  world: world
  x: 269.22289132141384
  y: 96.0
  z: 110.84109229723146
  yaw: 259.2056
  pitch: 20.10034
