lastAccountName: juegapaco
timestamps:
  login: 1583987672438
  lastteleport: 1583990696642
  logout: 1583990934968
ipAddress: 187.190.146.208
lastlocation:
  world: world
  x: 193.33962650429922
  y: 64.0
  z: -0.9094562653293832
  yaw: -260.46878
  pitch: 6.56246
homes:
  home:
    world: world
    x: 4329442.554894642
    y: 201.0
    z: -2.2978362057360377E7
    yaw: -177.08574
    pitch: 16.349989
  spawns:
    world: world
    x: 4329358.613831973
    y: 201.0
    z: -2.29783615739194E7
    yaw: -268.2524
    pitch: 21.866405
logoutlocation:
  world: world
  x: 4329439.125695136
  y: 201.0
  z: -2.297835631084363E7
  yaw: -117.533875
  pitch: 18.299881
