lastAccountName: juegapaco
timestamps:
  login: 1583297022990
  lastteleport: 1583308119503
  logout: 1583308229072
ipAddress: 187.190.146.208
lastlocation:
  world: world
  x: -0.19696636772823856
  y: 67.0625
  z: 20.52057938240332
  yaw: 179.25085
  pitch: 14.549993
homes:
  home:
    world: world
    x: 367.64015070455133
    y: 43.0
    z: -26.36465074991604
    yaw: 271.34692
    pitch: 21.000082
logoutlocation:
  world: world
  x: 368.7007137169041
  y: 43.0
  z: -26.51606846787315
  yaw: -346.2025
  pitch: 15.600101
