lastlocation:
  world: world
  x: 4329255.958954224
  y: 67.0
  z: -2.2978452858275574E7
  yaw: 85.859634
  pitch: 15.750151
lastAccountName: 3lk1n456
timestamps:
  login: 1583958902914
  lastteleport: 1583960023559
  logout: 1583960403408
  mute: 0
ipAddress: 181.199.39.62
homes:
  home:
    world: world
    x: 4329349.897375072
    y: 200.0
    z: -2.2978443464443367E7
    yaw: 272.30103
    pitch: 10.7997055
logoutlocation:
  world: world
  x: 4329350.210232163
  y: 206.0
  z: -2.2978461730009962E7
  yaw: 267.80096
  pitch: 67.20001
muted: false
