lastAccountName: Stefany362YT
timestamps:
  login: 1583951357308
  lastteleport: 1583951675477
  logout: 1583951870614
ipAddress: 181.46.164.108
lastlocation:
  world: world
  x: 4329633.5
  y: 5.0
  z: -2.29783955E7
  yaw: -59.35482
  pitch: 56.100002
nickname: §lStefany362YT
homes:
  stefany362:
    world: world
    x: 4329634.954345014
    y: 64.0
    z: -2.297839746657301E7
    yaw: 181.24515
    pitch: 52.1693
logoutlocation:
  world: world
  x: 4329580.769679112
  y: 64.0
  z: -2.2978384396087117E7
  yaw: 216.79568
  pitch: 17.669153
