lastlocation:
  world: world
  x: 0.5
  y: 70.0
  z: 0.5
  yaw: 3.4939787
  pitch: 0.0
lastAccountName: ELPRO_PRO_YT
timestamps:
  login: 1583262526441
  logout: 1583262599915
ipAddress: 190.237.101.171
logoutlocation:
  world: spawn
  x: -4.249401509205301
  y: 67.0
  z: -2.6917830369823754
  yaw: -135.50363
  pitch: 42.14999
