lastlocation:
  world: world
  x: 584.5
  y: 64.0
  z: -126.5
  yaw: 214.11133
  pitch: 38.093
lastAccountName: Sgiach
timestamps:
  login: 1583343629768
  logout: 1583343945499
  lastteleport: 1583343876888
ipAddress: 201.210.61.156
logoutlocation:
  world: world
  x: 584.5
  y: 64.0
  z: -126.5
  yaw: 214.11133
  pitch: 38.093
homes:
  home:
    world: spawn
    x: -9780820.5
    y: 78.6875
    z: 1.71414825E7
    yaw: -319.722
    pitch: 0.0
