lastlocation:
  world: world
  x: -45.77665234616344
  y: 64.0
  z: 11.041214938870716
  yaw: 20.701178
  pitch: -16.350027
lastAccountName: Valbula
timestamps:
  login: 1583350448356
  lastteleport: 1583351028739
  logout: 1583351044426
ipAddress: 181.64.147.4
homes:
  home:
    world: spawn
    x: 5402298.684266331
    y: 63.0
    z: -1.6638095275151422E7
    yaw: 333.90317
    pitch: 30.449993
logoutlocation:
  world: world
  x: -32.801097242674075
  y: 67.0625
  z: 0.7261373830080426
  yaw: 91.94165
  pitch: 13.49999
