lastAccountName: kevincillo2410
timestamps:
  login: 1582737763846
  lastteleport: 1582737835201
  logout: 1582738002312
ipAddress: 201.189.28.183
lastlocation:
  world: spawn
  x: -0.7476094795969617
  y: 67.0
  z: 3.571993920586597
  yaw: 179.70398
  pitch: 1.7999918
logoutlocation:
  world: spawn
  x: -5550114.833793191
  y: 68.0
  z: -2.5915277768386226E7
  yaw: 203.72108
  pitch: -8.25017
