lastAccountName: kevincillo2410
timestamps:
  login: 1583581840848
  lastteleport: 1582737835201
  logout: 1583581916567
ipAddress: 201.189.13.98
lastlocation:
  world: world
  x: 0.0
  y: 67.0
  z: 0.0
  yaw: 0.0
  pitch: 0.0
logoutlocation:
  world: world
  x: -18.900696827472732
  y: 68.23925927506424
  z: -1.0262379518509577
  yaw: 93.17169
  pitch: 5.3866115
