lastAccountName: AndresYTG
timestamps:
  login: 1583617573592
  lastteleport: 1583617762162
  logout: 1583617569332
ipAddress: 201.234.66.138
lastlocation:
  world: world
  x: -9036678.632846555
  y: 79.0
  z: -2991512.351403163
  yaw: -262.94934
  pitch: 13.350002
logoutlocation:
  world: world
  x: -30.70419258702472
  y: 68.0
  z: 22.079146126978564
  yaw: 309.4138
  pitch: 49.734756
