lastlocation:
  world: world
  x: 0.0
  y: 67.0
  z: 0.0
  yaw: 0.0
  pitch: 0.0
lastAccountName: The_Caiman
timestamps:
  login: 1583543509649
  logout: 1583543525580
  lastteleport: 1583134843237
ipAddress: 181.44.185.46
homes:
  home:
    world: spawn
    x: 4060654.38622214
    y: 72.0
    z: 1.4123685210141592E7
    yaw: -114.17578
    pitch: 25.409712
logoutlocation:
  world: world
  x: 0.5
  y: 67.0
  z: 0.5
  yaw: 99.108536
  pitch: 12.875358
