lastAccountName: SilvermanH12
timestamps:
  login: 1583258185922
  logout: 1583259853816
  lastteleport: 1583258959156
  kits:
    mega: 1583107199494
    elite: 1583107230733
    ultimate: 1583108147707
    vip: 1583108534086
  lastheal: 1583166285049
ipAddress: 191.92.163.120
lastlocation:
  world: spawn
  x: 24.52877958687619
  y: 67.0625
  z: -0.48977942672611846
  yaw: 74.01428
  pitch: 13.342765
logoutlocation:
  world: spawn
  x: 4471.278097399838
  y: 69.5625
  z: 4028.4211244708167
  yaw: -285.53375
  pitch: 25.299177
nickname: ยง4SilvermanH12
homes:
  subterranea:
    world: spawn
    x: 4547.800751617906
    y: 71.0
    z: 4022.376904124007
    yaw: -20.452637
    pitch: 7.2220197
  casa:
    world: spawn
    x: 4537.778468461116
    y: 64.0
    z: 3993.8303291246116
    yaw: -167.77881
    pitch: 20.590052
afk: false
