lastAccountName: SilvermanH12
timestamps:
  login: 1583944446824
  logout: 1583946388445
  lastteleport: 1583777723115
  kits:
    mega: 1583107199494
    elite: 1583636301634
    ultimate: 1583108147707
    vip: 1583455058699
  lastheal: 1583631863380
ipAddress: 191.92.163.120
lastlocation:
  world: world
  x: 8735.434325930288
  y: 65.0
  z: 6016.73074607407
  yaw: -82.5281
  pitch: 12.678103
logoutlocation:
  world: world
  x: 8917.756623925408
  y: 98.0
  z: 6087.786764416851
  yaw: 126.74622
  pitch: 8.133241
nickname: §kr§4Silver§kr
homes:
  casa:
    world: world
    x: 8908.181884054346
    y: 97.0
    z: 6090.82334783233
    yaw: -8.737427
    pitch: 43.83259
  plains:
    world: world
    x: 8910.444383374497
    y: 77.0
    z: 6095.767627980437
    yaw: -8.737427
    pitch: 43.83259
  aldea:
    world: world
    x: 8714.029336568412
    y: 71.0
    z: 6180.494158864188
    yaw: 45.89502
    pitch: 53.845764
afk: false
