lastAccountName: miguegamer56
timestamps:
  login: 1583797516603
  logout: 1583797608137
ipAddress: 166.170.57.166
lastlocation:
  world: world
  x: 0.0
  y: 67.0
  z: 0.0
  yaw: 0.0
  pitch: 0.0
logoutlocation:
  world: world
  x: 45.12229489943506
  y: 65.5
  z: 0.3554822248738932
  yaw: 267.7031
  pitch: 7.2571616
