lastlocation:
  world: spawn
  x: -99.78235732615798
  y: 64.0
  z: 90.48088528168161
  yaw: -155.8097
  pitch: 13.814821
lastAccountName: cuentadeprueba
timestamps:
  login: 1583255688306
  lastteleport: 1583255895656
  logout: 1583255970434
ipAddress: 190.237.114.231
logoutlocation:
  world: spawn
  x: 49.63193350937315
  y: 66.0
  z: 17.78711561211695
  yaw: 13.695496
  pitch: 23.897072
