lastlocation:
  world: world
  x: 4329497.520555863
  y: 72.0
  z: -2.297836751462756E7
  yaw: 219.42932
  pitch: 21.559683
lastAccountName: TheFacu04
timestamps:
  login: 1583606968900
  logout: 1583607840782
  lastteleport: 1583607553812
ipAddress: 181.97.189.210
logoutlocation:
  world: world
  x: 5833.957309042783
  y: 73.0
  z: 2879.011203781137
  yaw: -289.33606
  pitch: 11.103244
homes:
  aldea:
    world: world
    x: 1.990373254084774E7
    y: 71.9375
    z: 4976448.268258749
    yaw: -87.9093
    pitch: 17.82678
  megaaldea:
    world: world
    x: 5847.503079698719
    y: 73.0
    z: 2871.35166261012
    yaw: -175.08653
    pitch: 27.963655
nickname: Zx_TheFacu
