lastAccountName: JeffreyC31
timestamps:
  login: 1583615951493
  logout: 1583616636578
ipAddress: 190.70.245.190
lastlocation:
  world: world
  x: 0.0
  y: 67.0
  z: 0.0
  yaw: 0.0
  pitch: 0.0
logoutlocation:
  world: world
  x: 262.6280493792538
  y: 85.0
  z: 113.52342629038039
  yaw: 98.436035
  pitch: -90.0
