lastAccountName: iTheG4merKiller
timestamps:
  login: 1583186748116
  logout: 1583186790243
ipAddress: 167.63.58.251
lastlocation:
  world: world
  x: 0.5505678015001048
  y: 69.0
  z: 0.7065124934006354
  yaw: -3.4500005
  pitch: 90.0
logoutlocation:
  world: spawn
  x: 9.663674374953192
  y: 67.0
  z: 2.3429205078311646
  yaw: -105.446396
  pitch: 11.100011
