lastAccountName: Islas5520
timestamps:
  login: 1583616642765
  lastteleport: 1583617858966
ipAddress: 201.162.241.101
lastlocation:
  world: world
  x: 0.2764042506652353
  y: 67.0625
  z: 0.5632036673983017
  yaw: -1.0487453
  pitch: -1.9500023
