lastlocation:
  world: world
  x: 0.5505678015001048
  y: 69.0
  z: 0.7065124934006354
  yaw: 5.9708457
  pitch: 90.0
lastAccountName: owoland
timestamps:
  login: 1582763230761
  logout: 1582763508917
ipAddress: 168.194.103.37
logoutlocation:
  world: spawn
  x: 2.7288449300000012E7
  y: 53.0
  z: -1.3524962699999988E7
  yaw: -179.70085
  pitch: -18.899946
