lastAccountName: biotrial
timestamps:
  login: 1583098152029
  lastteleport: 1582940867082
  logout: 1583098272112
ipAddress: 191.92.163.202
lastlocation:
  world: spawn
  x: 2.3041002045352735E7
  y: 63.0
  z: -2.849476310888782E7
  yaw: -149.84845
  pitch: 15.150036
logoutlocation:
  world: spawn
  x: 0.4527839328275113
  y: 67.0625
  z: 0.07236733966569579
  yaw: 76.053246
  pitch: 6.5999894
