lastAccountName: martin
timestamps:
  login: 1583604778121
  logout: 1583605044331
ipAddress: 200.105.231.164
lastlocation:
  world: world
  x: 0.0
  y: 67.0
  z: 0.0
  yaw: 0.0
  pitch: 0.0
logoutlocation:
  world: world
  x: 335.32590423023726
  y: 61.0
  z: 156.79277918818866
  yaw: -39.899292
  pitch: 8.400166
