lastlocation:
  world: world
  x: 0.5505678015001048
  y: 69.0
  z: 0.7065124934006354
  yaw: 1.7188683
  pitch: 90.0
lastAccountName: BlinkJack
timestamps:
  login: 1582833298417
  logout: 1582833402906
ipAddress: 181.188.177.150
logoutlocation:
  world: spawn
  x: -0.2266234557581014
  y: 67.0
  z: 5.180653886328971
  yaw: 354.45416
  pitch: 18.750021
