lastAccountName: rous09j
timestamps:
  login: 1582694544694
  lastteleport: 1582695063115
  logout: 1582695302880
ipAddress: 187.187.192.140
lastlocation:
  world: spawn
  x: 26.21731178992046
  y: 65.0
  z: -52.86237146431387
  yaw: 15.749203
  pitch: 4.3500896
logoutlocation:
  world: spawn
  x: 0.1096549964251474
  y: 67.0
  z: -38.70565944108536
  yaw: 202.20139
  pitch: 40.799946
