lastlocation:
  world: world
  x: 0.5505678015001048
  y: 69.0
  z: 0.7065124934006354
  yaw: 4.866531
  pitch: 90.0
lastAccountName: BananitaTpm
timestamps:
  login: 1583000043839
  logout: 1583000181215
ipAddress: 181.89.249.8
logoutlocation:
  world: spawn
  x: 245.8197327107917
  y: 67.0
  z: -19.924150768794973
  yaw: 247.95294
  pitch: 15.450056
