lastlocation:
  world: world
  x: 1937.5707429478548
  y: 71.0
  z: 1088.8497501570948
  yaw: -220.35074
  pitch: 18.150105
lastAccountName: Juanito01
timestamps:
  login: 1583817925112
  lastteleport: 1583810207901
  logout: 1583818433400
ipAddress: 189.187.118.199
logoutlocation:
  world: world
  x: 4329486.249853816
  y: 78.0
  z: -2.2978570109439377E7
  yaw: 237.69925
  pitch: 15.150112
