lastlocation:
  world: world
  x: -16.232122022160002
  y: 66.0
  z: -104.36613697153246
  yaw: -169.79721
  pitch: 28.04983
lastAccountName: Juanito01
timestamps:
  login: 1583300606118
  lastteleport: 1583307800903
  logout: 1583307852916
ipAddress: 189.187.135.98
logoutlocation:
  world: world
  x: 1685.2150696823055
  y: 75.0
  z: 325.2826360774263
  yaw: 70.2921
  pitch: 31.350012
