lastAccountName: joseponce
timestamps:
  login: 1583165711400
  lastteleport: 1583163003485
  logout: 1583165786251
ipAddress: 181.224.251.2
lastlocation:
  world: spawn
  x: 152.46677103574953
  y: 61.02603991069025
  z: 0.44427969873593576
  yaw: 138.84732
  pitch: 90.0
logoutlocation:
  world: spawn
  x: 45.40048207581995
  y: 64.0
  z: -5.6019445918008355
  yaw: 3.246404
  pitch: 38.412403
