lastlocation:
  world: world
  x: 253.92742173285626
  y: 69.0
  z: -92.6180969197759
  yaw: -85.36627
  pitch: 0.90008575
lastAccountName: SNightK
timestamps:
  login: 1583306322649
  lastteleport: 1583303521703
  logout: 1583312903236
ipAddress: 177.248.139.156
logoutlocation:
  world: world
  x: 1685.2946694424666
  y: 75.0
  z: 325.4449365663785
  yaw: 52.7489
  pitch: 31.950335
