lastlocation:
  world: world
  x: 4329339.7871572655
  y: 63.0
  z: -2.2978360767411698E7
  yaw: 245.0947
  pitch: 20.999586
lastAccountName: SNightK
timestamps:
  login: 1583546440018
  lastteleport: 1583576085425
  logout: 1583576475521
ipAddress: 177.248.139.156
logoutlocation:
  world: world
  x: 4329344.009211685
  y: 201.5625
  z: -2.2978428403779272E7
  yaw: 106.652466
  pitch: 19.05012
