lastlocation:
  world: world
  x: 0.5505678015001048
  y: 69.0
  z: 0.7065124934006354
  yaw: 4.593513
  pitch: 90.0
lastAccountName: Rolax707gt
timestamps:
  login: 1582845023773
  logout: 1582846479368
ipAddress: 201.150.163.212
logoutlocation:
  world: spawn
  x: -6923613.764065166
  y: 62.0
  z: -1.9250033899079535E7
  yaw: -100.199905
  pitch: 0.15012212
