lastlocation:
  world: world
  x: 0.0
  y: 67.0
  z: 0.0
  yaw: 0.0
  pitch: 0.0
lastAccountName: ChangoBanadero
timestamps:
  login: 1583552732540
  logout: 1583552804906
ipAddress: 187.254.158.150
logoutlocation:
  world: world
  x: 1.8043374900152616E7
  y: 96.0
  z: 2.8939155183414917E7
  yaw: 251.99995
  pitch: 27.299995
homes:
  home:
    world: spawn
    x: 2.2779742215551604E7
    y: 63.0
    z: -1.635852605166005E7
    yaw: -97.793846
    pitch: 21.899984
