lastAccountName: KillerCross
timestamps:
  login: 1583169185237
  logout: 1583169238696
ipAddress: 187.143.51.127
lastlocation:
  world: world
  x: 0.5505678015001048
  y: 69.0
  z: 0.7065124934006354
  yaw: -3.4500005
  pitch: 90.0
logoutlocation:
  world: spawn
  x: 1.0373088511912344E7
  y: 71.0
  z: 9693556.947890615
  yaw: -191.1023
  pitch: -7.199988
