lastlocation:
  world: world
  x: 0.5505678015001048
  y: 69.0
  z: 0.7065124934006354
  yaw: 5.32844
  pitch: 90.0
lastAccountName: yampoll
timestamps:
  login: 1582940149401
  logout: 1582941139498
ipAddress: 186.85.167.80
logoutlocation:
  world: spawn
  x: 2.3041052819262456E7
  y: 85.0
  z: -2.8494708832727987E7
  yaw: -337.19873
  pitch: 15.749994
