lastlocation:
  world: world
  x: 1.1343474538286806
  y: 67.0625
  z: -33.735376124903155
  yaw: 269.10138
  pitch: 1.1999978
lastAccountName: yampoll
timestamps:
  login: 1583705011025
  logout: 1583705266576
  lastteleport: 1583705049451
ipAddress: 186.85.167.80
logoutlocation:
  world: world
  x: 448.79283455656315
  y: 66.0
  z: -112.30000001192093
  yaw: -53.099754
  pitch: 21.150127
