lastAccountName: Seiku_As
timestamps:
  login: 1583508042660
  logout: 1583508791456
ipAddress: 190.237.33.253
lastlocation:
  world: world
  x: -2928481.2164671654
  y: 91.0
  z: 1.258940979803316E7
  yaw: 20.265053
  pitch: 24.104853
logoutlocation:
  world: world
  x: -4.257328943022106
  y: 68.0
  z: 23.61245060713668
  yaw: 138.07028
  pitch: 15.710729
