lastAccountName: NooitFaalt
timestamps:
  login: 1583978954833
  logout: 1583979241110
  lastteleport: 1583979051276
  kits:
    elite: 1583118770058
    ultimate: 1583119478925
    vip: 1583443858202
ipAddress: 186.178.50.84
lastlocation:
  world: world
  x: 4329383.824587474
  y: 201.0
  z: -2.29784623890894E7
  yaw: 75.588585
  pitch: -1.4484112
logoutlocation:
  world: world
  x: 4329695.592640248
  y: 31.0
  z: -2.2978413333716754E7
  yaw: 112.52539
  pitch: 24.315636
homes:
  casa:
    world: world
    x: 4329383.401113666
    y: 206.0
    z: -2.2978461702183336E7
    yaw: 281.71777
    pitch: 24.149017
  terracota:
    world: world
    x: -1.6033734681571161E7
    y: 74.0
    z: -2.3908899166713748E7
    yaw: 152.84912
    pitch: 25.743004
  spawns:
    world: world
    x: 1.8308112782848213E7
    y: 72.0
    z: 2.055788595236268E7
    yaw: 337.67145
    pitch: 34.240993
afk: false
nickname: RompeCulos3000
godmode: false
