lastlocation:
  world: spawn
  x: 0.5
  y: 67.0
  z: 0.5
  yaw: 92.04613
  pitch: 74.562325
lastAccountName: arielaaaa223
timestamps:
  login: 1583258694106
  logout: 1583258702150
  lastteleport: 1583257704685
ipAddress: 45.224.98.195
logoutlocation:
  world: spawn
  x: 77.94303528003591
  y: 64.0
  z: 167.44551152085566
  yaw: 95.053764
  pitch: 4.5993867
