lastlocation:
  world: spawn
  x: 43.56961139663031
  y: 64.0
  z: -36.37704879197519
  yaw: -7.801594
  pitch: 12.899991
lastAccountName: alexsalinas26
timestamps:
  login: 1582836243983
  logout: 1582837317611
  lastteleport: 1582753187648
ipAddress: 190.242.26.67
logoutlocation:
  world: spawn
  x: 1.445052755204075E7
  y: 44.0
  z: -1.1506955300000012E7
  yaw: -343.65146
  pitch: 18.600052
