lastlocation:
  world: world
  x: 0.0
  y: 67.0
  z: 0.0
  yaw: 4.9615054
  pitch: 0.0
lastAccountName: jfarley
timestamps:
  login: 1583363002871
  logout: 1583363119061
ipAddress: 181.234.116.56
logoutlocation:
  world: world
  x: -2.4015399488559328E7
  y: 91.0
  z: -9000498.67031291
  yaw: 48.150208
  pitch: 26.549995
