lastAccountName: Pokilul
timestamps:
  login: 1583686566528
  lastteleport: 1583447568044
  logout: 1583686902311
  kits:
    mega: 1583106466848
    elite: 1583109610445
    ultimate: 1583109622428
    vip: 1583447925884
  lastheal: 1583116200021
ipAddress: 187.243.231.82
lastlocation:
  world: world
  x: 2.4520108842551794E7
  y: 72.0
  z: 831500.8687035629
  yaw: 220.40868
  pitch: 31.07568
logoutlocation:
  world: world
  x: 1.056496882831902E7
  y: 35.0
  z: 2.138657832077515E7
  yaw: 82.76718
  pitch: 29.229757
homes:
  casita:
    world: spawn
    x: 4684885.2541496875
    y: 73.0
    z: 1.3701345229553355E7
    yaw: -222.96173
    pitch: 19.447937
  bee:
    world: world
    x: -2.585495872047223E7
    y: 81.0
    z: 1.054558065068495E7
    yaw: -293.84384
    pitch: 6.67548
afk: false
godmode: false
nickname: Poki
