spawns: 
  default: 
    world: world
    x: 0.2764042506652353
    y: 67.0625
    z: 0.5632036673983017
    yaw: 90.6013
    pitch: 90.0
