world: world_the_end
x: -87.34565929165858
y: 50.0
z: -112.40903397145584
yaw: -357.74988
pitch: 90.0
name: end
