world: world_nether
x: 258.39071415088057
y: 59.0
z: 164.484742559459
yaw: -270.90146
pitch: 90.0
name: nether
