world: tiendas
x: 500.5779767574911
y: 7.0
z: 500.54040347883347
yaw: -1.9550781
pitch: 89.549995
name: Tienda
lastowner: 6837337c-1d2f-303b-8934-7903ec6e6008
